273.5152794998676
41.084166161353885
95.21566044386464
22.07745374925678
16.28496939581814
204.31506501271105
75.8103384807712
204.3952929454859
90.1045988590318
98.68738153758873
112.93671391267542
147.39189525753835
210.49175672836404
714.9925576054932
149.88528413943166
163.8560787247504
69.74861979563613
60.46543363437716
191.31456465173088
93.18481013792356
136.01231214399755
83.45060098068568
15.73509868154237
209.25216721952702
27.886538530134153
4.164155501221687
32.244185747321076
307.7088648576168
325.0040273147803
13.206440992131132
71.47456562530559
0.9156911955450071
41.905981245222875
80.00541626981251
56.19909456153715
56.144027048176326
208.4693200222226
66.89175020517611
100.42352192949582
22.24575394094375
174.49830671431607
2.22257483182378
7.4090292315462785
21.83663796816776
110.98961014836001
31.4877504095895
38.53865792351283
93.64073902360434
110.87181165280404
217.3383984144038
9.635923567912995
13.285506016566773
136.82187444540386
117.09887384401571
27.577880686779054
8.650840295063006
98.66300331388751
46.367845709209746
3.8448334162412534
63.98075709206541
26.890615748004247
59.33328522478085
231.967159530011
117.90560490076145
115.24567274766987
119.0747232154292
190.44363802182076
9.704332745092406
202.6133612262487
8.275413450102434
1.7563309049055311
2.8973421969974127
156.66157030691429
115.0065103486048
621.1430881404474
36.48987359912369
102.27588522043742
162.07153222366023
64.04335299104127
57.15060483393041
183.09422466922632
64.41078812510096
21.200131623364136
211.87110512865374
193.8362865965036
29.104111800191674
355.9222866097309
91.72870656303427
66.92283522359786
60.83615317615498
68.64037684382141
125.3346474211602
188.65856882908963
29.074172825842414
457.8427681430321
41.07849909743674
8.46553985574795
36.16708523316783
271.2467851509468
36.02107310204882
262.4193386409428
335.25918170569327
251.2382571972385
46.35917800243875
28.35735002078185
255.21899899983865
443.80975090795374
93.08113209821124
480.9503554869159
171.21282788530215
23.158969111472885
141.6409757879658
103.84278330592593
99.8020880724528
36.77957665515568
51.51526056786446
188.18106855349987
32.080978011577635
668.8369675135477
20.56199366468915
352.93447868926677
121.18198743031816
397.46867382157905
44.39380360734497
244.94565384575537
895.8555645621844
15.643666060889249
380.0876461328874
754.6503148546568
309.39255517382543
4.395739229276516
21.7755652250619
36.14790448013188
34.81138336306633
12.045777961073588
429.484246097821
85.17162130293076
155.96878017836164
499.86526890658985
35.80069094052329
86.37461446975145
75.16813001519527
5.2483047345339875
77.85643021649885
426.76544805085115
88.55345254689745
6.477463258370847
8.411241034357642
64.24352850648575
224.25862275750504
44.174951435648275
45.04491827103625
74.68125639414217
1.477630916470243
78.43319125686908
107.59028631541285
11.069116513036503
611.8266348056471
136.517610056103
68.04806341997629
107.12150017303632
69.49848461884574
69.7549237511378
86.14860154177471
163.76734505333962
36.818982643199924
67.1624594518189
485.2935021739987
23.717952168873733
32.42620086985027
144.82242523973943
42.758181232941055
47.206037565561715
167.18505020094497
469.6299815555892
54.07056306823669
43.54568318151573
45.50630215913193
27.66743456334506
45.388922006000584
355.36415471998805
363.0058201586439
274.0477652559541
250.72154243707521
10.21643425267307
28.47363797148405
208.02728047638945
139.8753607342824
185.7516136754018
69.50791587494172
35.3374954677688
130.21622716108845
27.9539493759232
16.144233572520186
38.40579431437719
27.738091449495734
428.63533898568676
103.53688519557618
91.30355319912314
101.87827992258484
139.9841099671537
878.659190706385
4.285706997228751
457.7399020088985
20.76268115584898
86.22980624556712
336.7297811103507
295.41792992742677
1.4741236456367734
59.68002841339332
41.41709547527155
172.0067930518072
51.159006213535285
23.610075011469185
396.728028704723
7.7379780221112995
121.67847703070973
30.96886021287615
252.25716476897819
41.09990994931291
79.6341965993923
59.71701323379666
16.584955238005897
221.51331283230283
167.7566757483087
346.2752209332792
169.68200358667943
68.55597502515825
0.373878650640828
282.15425259639113
111.25839930390124
107.32480897735743
89.51879232825252
526.6730209841002
15.153486351872106
89.29671957711312
302.87282682491167
4.10163103288159
45.38344608699255
17.368970057606468
138.56752857284272
100.28423938296366
2.1698208628611084
27.27631020318158
24.88440305811621
27.946479675305575
108.798658806552
39.28451594932136
40.82027772838956
374.04921409016936
6.549059326604627
179.98241494668505
122.56368623377512
221.57826809315142
189.47633062067993
76.5280116412623
189.04145313413412
55.28839368791564
38.63791574642566
86.32151018606821
62.30728219097613
66.9777465926057
147.7590721662364
98.24794482426896
51.23171097198744
1.3077689200945726
14.7109109932652
79.1038753010276
197.2141639426281
32.20734614337595
189.98337948483564
52.15460918067338
3.5426710965412673
243.5942258488974
38.365642210266095
224.21805521920888
8.587075508536953
10.30006238475304
55.24475474777112
145.50718422014575
110.71438491730703
325.5389845006284
142.60114619907924
15.320510182278538
248.80812672339783
97.94935658360264
53.42027393316413
325.48980781751766
123.69220543478765
44.293095073693856
42.886101536220885
29.361918884693843
10.083550094945878
11.373102860301751
517.7568491252557
30.884908171018864
43.56028482372029
689.3023759081474
37.198629514347616
41.15235622864332
125.68578999745812
944.5844922495047
46.26066319218818
3.0445494677280482
141.73515970986602
14.939069308031296
228.48960100816174
91.19619183786051
235.65453787849285
27.641630804186466
246.63164201697842
3.236637698099963
416.56229181599593
43.871935152693446
688.6806109093355
6.3111424543213595
420.41788242175244
36.29877619318798
9.018865387381005
44.99738405587801
233.03666473311998
135.83818905541474
196.55457374164223
201.31523064884388
288.78686210005696
22.422504297154347
54.10269938805886
887.4250114637299
4.987007130671637
33.418682707969666
437.62387199571725
1.995201912675346
216.77318268721098
48.105589270399165
69.67330951914066
355.8387398056817
24.313503683138318
185.0771546715446
292.54489019561333
839.7012495537012
7.6177968713834145
70.39340562180851
100.29921488840101
58.396800657114376
0.035709144062894174
43.73916936929732
8.575418968819355
85.58830455021213
27.353374942731723
26.751120317615023
55.65145555316512
206.1475125298077
28.237199078748304
87.78088678256258
302.1359798020018
62.84279830144794
207.93263781167937
112.01295005062377
56.35106110438379
55.96529096049788
28.3547938109144
205.36671533143837
59.69690823872852
128.6538328216133
206.52110986451632
43.68960575378293
174.87800072770216
6.367881630137531
148.92975659590272
60.021026630834285
110.22642160142915
33.91802888573423
27.78652238345381
38.65514733187425
443.21094861557367
65.24423457619743
134.35882346931805
187.0044369570043
103.99701979706298
48.66805247553977
246.24965231045513
210.9646046740571
258.11537864826596
33.28454060445909
16.15173731124854
13.517190486532598
102.81726088241471
150.03078234844153
113.2194868219525
156.53406968275053
257.2025144955825
313.4071077293634
689.1136537093897
58.71453991880319
575.9523702364437
181.31251676244875
186.96253895052396
292.5301630676392
108.58258776631494
549.4259857740082
36.997293719223585
191.84396704528694
158.6001257596924
175.58504844790167
770.6802774256884
26.674356457303045
50.43224864622204
957.8928344384806
149.8122467177036
221.61212945549048
0.5448693561903969
134.02096775222475
24.42251443991343
614.5456052444572
254.9312335972656
54.88417400044935
440.213735876903
103.70871316106602
169.1260795545751
323.17864773653884
247.4592831065796
10.98029677166618
30.451411394145026
30.33321368560019
469.1854040960962
144.0071141920887
13.589110462413528
162.72998536073675
134.0553150679122
331.1064568200148
71.10592355238762
53.815662992205844
7.345938722055761
7.131777002869163
38.296916654742596
36.61062561109837
30.594586584562467
35.89233151420738
562.6521590775249
42.82718277617558
59.98363484344604
287.7323946355716
642.4848493340604
4.772845510675756
16.790207898707855
76.25276694060258
260.0349275180691
587.4799568608483
44.59075251408861
205.29966231895318
10.100837280740327
628.9219959706732
335.04686836954215
137.6700721761005
76.82413687211273
58.36810179630575
261.70720668991504
67.26011645504812
192.57308886684174
224.67247896098542
36.691044021188354
138.11752665597197
146.32167465830702
53.057752610853456
2.8429331120596606
170.6804301944401
259.364799541509
56.41936567505215
14.346802753986557
43.48651855473737
87.84155251837626
2.7264053765892644
254.12954825427875
25.5354773633374
13.858024758680267
2.2774515912856024
496.34267317292756
344.6329037095897
16.149303490974997
138.16068953639413
56.85063125014755
15.399538440534421
37.550499670485074
398.4205796470146
29.45104784491557
206.10655420684702
22.52648318690676
33.28429032685048
5.07033135744699
196.83743459733202
103.6249063191545
1.8503393645214825
255.04252923544408
64.74507675796546
274.1702722234037
14.707872177564923
245.46846962243944
233.4599570794027
182.3375070680827
24.820452373157096
84.71932084149607
36.54804090011145
324.32401782050505
197.06688627748494
151.7835224808252
170.36503926322885
40.759014179086655
226.00656040367858
81.76955772984222
90.98594234994108
403.5096029255751
237.31222603745746
71.77154433795582
18.86516778862486
578.0834115027284
80.95464277511778
457.42602951223404
95.99344447622266
35.84608752116821
428.6059245663482
394.32495761687085
76.76891328663403
59.01539430951743
152.06227843177555
49.46227873734617
217.07201172127117
208.514240458097
16.653571883015335
2.7606160037342686
4.914875195778414
93.94999494381237
480.46236208108616
53.887476590167935
199.82396927894757
131.7973371977233
247.8313980752798
19.090074531469458
339.65599714135976
204.15873225151572
59.94157151552343
12.668082029004157
863.0014171219667
8.6812189319808
203.5625651592995
11.12760452233901
297.2833084893223
138.3656588923927
286.93877495944554
107.2306424892536
464.057248508162
417.19642544987136
0.8206230881221305
65.15110234272882
22.30088183111679
55.757796532136524
262.8928797035238
16.145777163115017
182.3136512588016
11.65823181252488
997.0678978332128
111.15471829523904
323.4174540701476
73.62325233276374
18.826770394024756
30.592504745606025
70.75718145808965
63.71699887083988
612.5912913791489
99.112877033008
7.981977911809544
51.42712447048688
310.6056147571062
182.07988479345184
301.71166746681
132.6293260088268
103.14411804436183
65.95694240135441
111.49096515724483
5.240015969983692
171.49249973915786
10.858502830697534
111.78767609042418
84.37729422235314
184.12092870120892
192.79057888227152
46.71635416719101
128.78435144601778
161.18015976830017
255.53403467846837
79.93411584288812
29.29368536157311
13.736798380141229
120.9186758321507
18.30540149625259
57.926770456658396
314.0135262052753
154.57121247079363
209.09996092046768
73.4846333113292
85.90902132736943
119.13152405401142
507.34643280133963
189.84394329307142
56.04369300660791
354.48049275700504
171.59109501601642
57.23018822462513
312.2429459297197
29.171515519885617
283.1447427121674
318.3302361105489
317.015022922595
12.55972629095154
961.5167520839808
220.95634813054693
143.9223511801692
268.2513843569692
2.263714307447407
38.919928694230784
186.535086725243
20.410939449673993
74.71861351168741
91.22709804111452
139.26262342108296
56.20403717974833
31.82206096398359
34.51727131047122
144.46491516106784
48.19188238816757
313.37433005334617
198.03869788033145
134.58641446163602
7.089788853068231
384.3723626960408
82.33657691991152
76.52853230942176
311.0264121266422
367.5462281250141
82.4459657505206
120.08449681444412
105.85623601096849
274.746279682982
32.08910545226783
101.30078499523268
116.17605951070222
22.991267267984156
89.67600546291312
276.50758637304773
54.33142453651648
315.7379466102192
112.51524556273581
193.09154626414565
585.1367166141948
13.416154059941828
171.10293838755905
318.28155682807835
421.77946596126304
103.8244519026146
311.15382302091035
58.30251058077559
20.066550913761297
33.01252447488723
37.397745296440874
424.3865361450795
188.3979689843459
55.63512846237919
5.729353898239535
192.69153953783365
61.14753112458598
148.12196758303602
15.766162949296518
166.95643885560148
195.53876105599733
116.7469697416041
166.03460775799678
29.00855745560279
265.4017088094131
254.9452872380489
10.92724367386861
83.05749044678875
426.30301033849685
48.85004483645604
205.4890552866624
107.71890864137406
182.28566909557256
116.13107618165112
162.38908173860597
287.64765198509645
46.13806421684129
42.769896955977295
256.22445737815724
341.45432226879876
71.64910520506952
86.70451619013375
9.745530335086277
14.464405909952642
151.98382432017405
23.633682472299178
133.3989445980978
234.97246602858564
414.6515504748217
388.85047311655507
2.834780251170707
77.91252581756287
232.8195773879524
46.90441371397266
235.1614241795125
234.4510003856938
166.24192078467496
13.509359437324383
50.20379033860852
199.36826082269314
522.4746507653439
292.213301903309
98.95346113472134
297.48471363214964
877.8549149656438
142.23654904526032
29.294323532898986
18.989243073596217
8.746773573786319
140.9093016999718
142.62934011859136
205.9927764301089
177.2361727337782
46.0458818397298
185.0952731404192
137.9003117101927
58.82843565844722
18.686575369213465
25.408752137470643
131.83999787791498
13.465730095564481
3.5547114731979965
152.4269012627089
249.4624268267008
98.41548542606233
377.4551870985609
66.94481643182372
45.06136984092363
73.2183424202268
16.37807585744792
190.11682684206627
22.52805588517242
46.5246225096619
211.73337238702382
105.80197366780766
45.17922439510383
64.31649205404806
51.20120901118157
245.66844086190727
128.90043762648043
86.8892292073618
3.8853382274573076
199.44075399359016
364.6850154704358
28.31538318499982
699.7262735893684
90.38863212554496
160.12897457956535
51.360182478533076
53.98299505059318
190.49339704640673
303.0913773337979
93.83964040826093
11.179260631728916
730.4440833179295
110.08089370979262
130.79171190608324
5.8440316607260305
7.303979133283988
31.8290932531432
101.36960230495835
140.3378055678035
43.128020572229104
191.79086222627953
51.53149010078187
508.45422449691455
492.0375478644229
14.32340628144488
223.41051245269065
81.19954529267854
49.47780222848706
239.6648778216089
46.34477240530852
206.23370138257178
56.50237865117747
40.68018648702031
41.652881771665875
141.24710886067905
2.2051947194035506
2.446444847030884
395.2559169835932
194.15901190024482
49.31259316016914
50.52660935469715
479.36325208080086
3.3960737114478214
296.99057599069096
24.83149447541765
234.69547372346997
187.1578595382574
110.10376438902398
124.06933483266651
15.424233805733342
36.24452092072346
96.65488397519566
261.897330699918
291.01413849568183
28.731521316673813
47.67265112017613
68.50588329189596
439.1326110483517
46.822659669700556
114.4529121712713
124.85138281260102
288.0002464810899
156.34117380615027
17.40333999887684
163.79359831716738
85.4203505501383
12.815280854244397
120.46369126005402
422.1349050559545
205.42563453597185
6.099445083204201
28.73531724071407
75.93502310016268
203.92210923672693
230.20780426884127
4.082763223230717
52.76833031724204
74.76932406460577
308.40006071530854
39.388590883603044
255.33118929629617
15.696022360938722
362.49430697918024
408.3776775540522
28.91996092072306
39.74579679725743
22.024731305153953
159.36519110856756
153.35198673800488
52.78480281349626
51.139332024937744
238.6350496948494
301.6168047666864
47.96500530884318
201.92634952640245
134.45733298657504
44.75194763220272
56.38246466535055
144.29569892778585
89.78365517684986
297.134081682935
139.35845938722107
1054.2226423081415
99.81308233340962
404.77653180924875
120.62220425169092
80.4282857112584
176.1679941708914
298.9647267265246
28.587136211980717
17.974429129716953
203.2202296679263
544.8181832709325
79.22511318255621
96.05163526532108
9.843492633060526
253.25603013334353
14.975118480512938
258.1246198313872
38.07908211717184
107.32057011130532
289.78704751876705
147.03620420655724
237.21421102607917
25.583303943692464
75.22010341372803
11.96637135458242
0.6086682403956842
818.0594881761067
111.13376598758894
458.91995333487995
9.240902845076619
36.5512235152783
34.9082198190701
17.8845248512296
353.6771934427189
235.612882695056
172.05291429053779
218.5063322562073
253.4021243347306
130.896969264859
238.0376212807024
28.776218915635575
504.78698165653793
488.7192900407985
180.92515208618155
141.7137289542125
4.436480662661003
21.24922414816884
175.50251843873545
99.92773716159786
35.41968365071241
192.85379562374789
196.11160503386412
86.93125478660131
32.819924142055505
16.382178004096364
39.97217071700396
95.05558515477583
144.4932254505748
101.39945897994934
4.575869944461824
270.3772906095359
45.58936036048453
27.085895137269898
45.78942755333892
113.0998613230215
444.8314158417938
368.72816755916614
144.30047891855097
12.109497683484618
73.62350589030815
252.37652637801244
66.65574503538707
126.54547420308168
401.5734729276511
30.04084518537406
118.60644857563895
54.57720115239628
332.76190518352934
30.22116667819368
34.711120653662455
114.62601034437105
180.88707722264056
90.3654262573195
163.83562209113163
94.88306001518457
20.643716086136664
76.33843595373467
72.75429380906995
387.61756600283394
106.66187676031382
116.00735886696629
19.992951684461758
180.99820062279034
342.373468008638
144.5569707557156
336.0602464543763
18.93208546173967
32.73836813820517
234.40163279816323
167.2776988971501
48.97020773821355
14.043844498712232
18.995871114470475
567.2886626545979
45.707664300457026
40.585841874082256
177.40977508774927
181.29816234842517
180.173590192198
23.60428127497487
260.69070969538404
48.58707537546216
46.5818417268916
618.8959777814661
127.0511491256355
342.23132635948133
24.076483451433113
42.773715096854815
151.6892982456131
17.344252916704196
36.04411726050116
144.5096002514451
371.6278689273006
160.5860020388586
24.992694186487626
104.55738297591097
121.25535734551325
117.9029195075641
121.03944767943113
360.40829309828905
43.54405909308729
42.0264960479613
262.4722100266992
24.12075789563426
62.11394615623065
27.492534293286596
76.4721131738315
615.9607489112049
150.1148688121176
3.1377541183222037
39.24834550020303
217.66338841566161
36.33033935598752
36.34973943856011
65.73503561778098
278.75321097072873
464.5008931054783
51.132036014177835
131.90578614413093
244.59083087716903
106.16222080269668
56.35199588948297
18.016590800524344
113.6098307273146
451.390706399924
37.56641079143587
334.9083041545257
384.05524210695637
109.63866406133515
23.58391258214823
16.991809131499377
70.54552367421358
116.23569412639318
59.83373821938977
19.513548653906362
28.35876516216866
119.55733978105238
174.06653541454313
57.0030627476802
201.30980874007952
10.377007563484229
233.64962010810743
11.891267215748293
538.1716432281448
70.42588471134218
39.42070293893273
51.16410667003674
594.628797865908
30.14349832152929
78.80213469131428
27.70887484258363
217.83010638392545
135.46154694899855
13.108337378758893
134.3854949990487
64.16994022930892
486.32698925725464
46.65011490975684
179.25459649280614
227.67221873507464
182.8478778111087
14.508880681496114
37.342573502783814
373.6876465984888
25.819852164815167
461.6664016553333
34.62419300180986
39.32795654939892
8.2792382316217
57.06372124746023
153.25413850919375
133.22401554602806
27.204030633453968
59.91488730249053
206.07361211277
1065.862521476667
458.4574953304944
6.125143872421506
437.2916230844689
92.55376748322173
107.58385721691153
12.550473873260653
38.426611199903405
764.079865252917
31.370672761567157
422.9465201141077
185.78029027372392
123.06366018821105
176.90660525622755
73.63416451406749
0.6838681127758118
21.658510788191215
217.84339108748057
6.022783863001326
42.41708314388447
180.70418766333717
147.44030852471343
49.74654580822252
198.3389702756204
67.18365318638828
295.4771275287061
113.97778078940294
75.15711344642675
57.53289752956591
23.19133346656941
374.43893241058396
236.72400669718948
116.88780462285588
242.53430445315382
207.54403070139475
269.4686241382104
799.9871579120799
108.33432702096913
46.36687774633712
1028.2386573641236
29.033012504511852
132.7556424063723
636.4374725867384
164.49856708930542
8.67004619205015
277.01053262463097
404.15879348460317
134.9424507381378
354.05120798699807
141.77289640450445
31.74525092145601
189.04610662485112
275.14964985677835
368.76940841751224
93.11905449253854
68.85093314409617
73.75607929974954
35.36253661563643
722.5953216842379
1.0547676763490064
250.75728162309275
275.3995999492253
64.79268438828794
231.88920743200998
499.3620712778214
172.36681866990494
20.364623656236436
107.86288381168856
4.446674923710832
25.74051204230821
29.85426140779261
88.76733701319193
12.907228317649801
15.067578987182964
78.35724854997066
580.7144709301208
132.02190909769024
45.088918370336735
171.51244936097063
30.777884456344044
55.25623773365697
0.7120404454923583
36.34472506527013
60.11218793868316
61.399147504549596
12.733281926870212
81.11911348984457
199.11103640474948
16.688220526905862
186.17269962375747
228.55095771897274
16.327576568349926
49.06312319257438
184.9345665056188
232.69612233970145
63.11397007646604
241.5957409775546
137.0266427840441
100.45688569916456
172.4847058544392
292.8086782980237
94.2317211018529
146.6003701033188
127.25966572168879
29.456618338930955
41.920186524213086
41.478248542273306
171.07373995618758
336.51434182755906
46.71609525021207
141.23027596189482
146.01361007555394
42.76702225571565
40.86591712992755
196.67385821576192
23.390386529337988
61.69328675163064
48.134210090149104
314.0214199484567
53.56267758090226
38.56209168056023
498.4032818183615
129.6597167131781
23.70464543885089
15.159935411543179
7.782079009567797
137.2119591373851
7.730141314770482
11.579562472284524
36.62106784179023
17.884084727693438
95.83003168791527
98.91938834270968
170.14226032227282
52.259325194477526
344.6982838357591
65.5495703217728
73.41493621965981
46.7983017567966
182.57888013981227
32.56955326939907
202.06887162597926
273.2958981377705
84.82430964534878
8.53883832064396
41.708823063541125
36.29072244123379
56.809777829273756
202.46751803116484
161.22099184873252
27.56335944906188
97.69514921692918
718.1190702805795
88.7031297580857
237.45814224138383
240.47000031028708
22.985291931619752
397.5189429731785
183.50238184290436
36.477610275016964
49.674173762469444
158.09422660058007
182.38026911648268
299.5005427144419
242.16605716291477
427.85586574501826
46.60358278040803
95.11292109618367
60.47447950328153
179.53180552276254
20.23618149573394
433.94145608841194
5.635643905372665
43.2943451924978
898.6684587524657
303.1003773014605
180.54494638939738
4.450022133311267
394.37599210014116
195.18793202632708
14.817836995691122
104.81132302589275
216.40110819839174
57.96446697861064
123.7703477077141
180.74660507096064
44.154795337115104
77.9586040627822
83.2616885759105
132.81769032403133
245.70818382418284
268.05722117256033
10.651267572815478
180.52422623615053
213.3515791743531
75.02156949269877
53.65611644109517
112.50559098290522
81.72527236857954
95.90231637151504
80.7431378180553
23.067329026111683
42.48509405032204
27.06521936532428
45.46918911717314
143.9817463613485
9.091693678989598
175.55586338616354
99.28478560309178
199.9282243569762
259.92592393844757
8.533078318947917
147.9853802804969
48.46452584232801
217.5762051680059
284.76617773192567
94.55000725513527
234.09599481346794
77.90091673008305
151.4156723073398
0.39786796896894683
260.8776677479234
355.387668816742
8.516376239960186
194.85153912775473
248.22750144559026
140.23188420171562
93.70757451859745
402.43764948741
379.2399366192583
90.22284813041682
372.88587927848465
223.66137853363185
170.74240558776728
87.50147713681947
33.901370977251744
227.61276441310775
230.00514106692492
264.8309047202816
81.63312985518121
316.92898545249096
44.72784938573275
243.0385491853119
132.36305113300605
199.17591839383385
39.61103618797293
3.0610597746612043
0.920761426236691
397.72949413363574
37.00944383860633
11.207799114997764
8.532818625946938
29.84818442222542
200.27134189277783
166.85604088934622
16.201181623559556
16.354401937879686
133.87143536980227
443.66354070441366
177.1148086792842
493.6130074271912
21.289542643339285
97.3393982075136
123.87589611249987
98.26940778033405
477.0579226686804
59.600161698110895
202.73453786700424
35.4208788777276
144.1731506899399
173.44531314700356
21.91367277348401
231.51082588824042
193.64879493723382
1364.078442414217
28.935147915896497
157.65185513270723
127.52967396261059
109.28387937044148
651.8896673003458
20.28862339149586
98.27120092676199
127.90642535552452
147.78580690248307
199.55201597491686
172.1935976466634
36.11001774001405
115.61860395349605
139.88988524483185
86.79052929458825
0.4745592672698617
51.53060000599866
79.08023863654275
50.345135154098195
66.50261735505406
250.24762843027383
144.2690857776442
299.57631169029213
93.68118062181503
33.23656517382393
210.50132698966988
249.81671538261816
31.59129778016868
63.44470121056004
18.210424098768314
76.52120212796707
165.95946762423222
101.06493781417826
79.97493391216229
114.15163721076497
85.99490793048602
55.320924480936824
101.67931241077433
101.6974122417178
202.9441787654834
21.874780597377832
10.875626266609245
184.71466131397622
125.0758786855682
104.06989059124825
34.848327220508864
137.07185536087155
62.694761817443755
64.48490249247796
234.07921369138177
131.19412420202607
83.26785573483714
237.28133038976299
4.221513644443281
3.058907620227693
131.99413898538808
53.52047702785211
24.13397807406576
0.16325380580404616
11.88739544227272
28.941788925488044
83.54061781834403
86.19663679502926
93.5942548899815
93.6603389962808
37.14038082548699
190.98882528721091
370.1528856425443
9.966442208358258
395.24964330789356
148.5867847652767
49.86379471224041
52.54456681911503
49.4054867571797
104.59018489251272
107.38579432669246
5.820486042499932
16.34826849848092
392.5399634163323
109.72479549980882
48.57781145704158
28.394414841325066
267.51964807243695
23.21186119333461
106.16235980576214
369.5385107805826
208.16449836540846
88.31716336593487
116.5041652035182
344.0056661415938
48.77020488147532
23.59642928959991
124.67162956202206
76.22136395458566
177.7136972173864
12.112567602145315
35.00471890267109
381.6857652067555
91.21460920482082
439.39697662168606
132.22208581624733
242.63893685350837
154.60225657562225
51.517939979338024
10.64331229644361
75.31865964558553
4.924670415873543
7.168858500524738
13.217930034991285
167.32707973528056
17.912175831974487
108.68395683725349
17.257182944802178
65.83083595048741
264.92491115449724
317.68045330598517
56.44196683663372
22.077065815754583
32.86535699574182
59.03464973956631
52.40859158071993
25.17104683224693
12.228380488788503
23.60956575848303
124.47865879582538
149.96423362392196
187.44330530731148
81.96363363431006
338.7190564326095
63.97571458293396
14.214053614892514
268.2592269381995
153.19175611132718
27.66003009521212
607.1448579934596
38.86616691752346
263.8213130470502
184.45272131643952
583.8719301881913
153.57932634402593
572.1460801291132
7.620365372131229
67.54139300060992
157.01275821979627
29.717939015471732
118.71603143954789
13.538394404961625
245.0955690618911
70.08822607459015
8.356218128212696
242.45407741318257
88.64191322635246
124.91357690588231
88.0346868160233
82.85353439898053
533.9895411381887
140.39446004790193
124.89192367528207
212.37179056550505
76.79933115929998
1.0313157177340493
44.56367603184712
90.3185972223372
84.69389182687813
99.55982900112848
177.95808165097714
39.50911672015276
226.3870968835411
340.7743178972147
79.91056640824786
213.66593115140424
70.725148172506
75.88215856640784
75.19872677195588
100.67121655462212
64.26226990005458
382.2781267262386
10.025424168366193
831.4377843222173
191.42465109450754
19.024988753688294
112.27200983116623
115.42489193528928
100.09129022770595
149.69535368333854
24.160484062908722
33.9693563702966
23.806866200588267
9.542391410685882
227.59023723456164
134.26916663020685
6.086586682917826
85.92010300387568
33.47791635988921
84.84710083259587
38.59739487965329
72.34877518369429
23.219921886721693
194.31282939884963
190.41759260135083
6.904661477235893
542.5209266492125
61.09625438770434
141.00828102345938
133.77094017982097
36.103844798824625
35.23916169407736
404.09997876614756
68.8886827998376
27.298610899176932
161.7029342415696
65.90609570622104
325.09916951793673
90.24449833330834
625.3714505591755
65.0878711417458
75.89541757515211
143.86439408528915
30.052478050154544
103.89336739066599
511.43913709813995
6.05346407183611
24.36130813263933
1991.9986025621245
121.61150848608489
2.8842029724762024
429.78556361640034
357.20562459322764
406.49399482586136
139.7969698565305
93.36923306419276
32.21147284942407
58.755645195530256
75.50233645180197
51.829976080521874
120.38830884559724
522.5339957374181
122.57033024358483
49.513242100586176
14.110917531252198
13.290640949837393
48.64801435086269
39.58437826428695
256.7707062147116
81.4753739378773
532.5296188427996
346.79997508482455
27.800194498924796
514.2344780119474
74.1365309338699
486.8086358634171
118.9443192842105
309.41436118697715
30.73549236906194
30.619206234696694
283.7990849187959
8.758955170345022
545.3546532533279
160.9054427127839
179.31019096721576
161.18040495491115
47.356606002702165
52.105093437016436
47.02844101258216
75.83533303337299
19.99337286650937
124.57969332227358
35.14539434627313
360.87389696841893
96.04581860030471
361.9073335347896
1.6344639161449286
82.49455671937467
52.83411179548857
24.055290889754936
602.2319165020477
54.59429610994759
95.12467205737184
271.5781404688474
11.887140018858046
53.387506246548654
11.671319079123121
108.94545568776029
48.80831888259937
181.80938186413115
26.055913924058736
122.60030477543606
30.415799743978827
218.04154713503675
37.94934109808566
175.43744671193835
41.63209500002731
7.849783009839882
473.5052078308272
52.36965064110821
25.957082842338796
152.5431049729743
12.497699957225565
113.39695375122585
159.24679171987714
6.717534059577204
127.14415535652392
94.97446422722629
17.41316902450162
54.163686473062846
33.50689856846602
40.22708068168059
195.72837542518442
16.394718918746722
86.0490291921205
42.56472958890944
179.35321973679874
134.60906738815189
168.16384552916415
18.417733678984522
9.007399423821468
295.46470067387014
4.383307660005021
165.27759238644728
45.80306360131047
55.79480969888464
293.58190608171043
82.50074484179581
9.97342370076033
544.0987741724335
85.94627437848469
33.986060444091805
138.7755946328006
32.31819701646127
68.99298454018204
95.84902391679395
18.297974970138043
244.41672344207618
11.568117531230616
50.66715653565785
56.37502938568115
517.857726544295
148.8911714312045
7.62195386840785
74.63604725540299
204.42279041566627
209.73585157790788
164.4561812342232
61.79056494089371
0.9654499667009896
127.49537154912909
89.73668896800577
80.26914399899181
12.562901688811737
300.27369347712573
42.21173114758068
204.7067595621327
56.37002604249117
146.07076311182135
10.08992029911803
392.240491852872
5.146442260311558
8.375369879412915
2.477687946557853
135.49752395440936
238.76873132825116
566.153050599607
107.40782474429244
73.89142658307324
57.53447907577275
369.75808495404283
16.61024838771335
17.17093284410187
259.2181284114923
151.7342754483727
211.2785893304249
93.16315732152317
10.555796709303234
45.90961049726766
45.532489548286634
123.18018439766496
12.096053411588137
39.5472642013789
22.855846285989262
250.50896684943677
47.152998899708805
143.53462040905475
68.66193618527991
206.8993711635367
114.62110237747687
507.6011145211164
70.54739032350365
245.6114968470024
43.105642186488666
316.38756289059995
478.31710280423755
189.51828630186407
597.3282996510902
724.6606406257473
269.42839385146715
56.673450028232644
101.54019276256349
28.522047101107145
257.8312206711817
113.7763617109951
263.2971092018777
50.59482559757692
46.958486616685136
123.80209886436562
229.66751465159916
22.55299340777407
56.555851716474066
49.163999062809594
175.61108225605304
379.7679314660196
17.88194359796233
857.6712500490938
79.41217344259385
307.28398655655826
20.471653095807763
74.65654132790338
128.00678934139884
95.39120594033888
35.12751783101388
258.7106470253892
1.7166775257412197
82.19977886190803
190.89282552706507
269.30929957221576
379.1416890687197
41.65188129096977
173.58955943401008
174.51636506272843
2.898427120670005
3.1313805015641987
46.03617776151985
144.27218762449164
251.54583519492553
258.29439806220546
126.59551392079409
8.72064002787387
308.47840316791184
228.58696710440478
104.66746569797725
208.99629909535955
94.65907731906657
10.960454077174273
354.6698099709621
19.35685512402918
6.534423010618413
28.28193347375646
172.52509299496643
42.108514854058186
1639.952485459292
220.17082466829802
412.17634968711997
36.104024390090125
275.600212508444
242.02151922161337
6.925342788546926
117.99709094582971
7.677264874077386
3.5658332623197975
57.228560774944434
78.67367301689029
31.581817940866436
1.7287935334275555
34.720489939022855
0.0660791007240923
18.763040612572347
8.037088501878815
61.66733828428813
26.488002184660385
137.3104151072667
68.80542629681334
269.1034825072639
39.49638667602263
541.2334412505404
263.7245119277318
10.48856069184235
55.46266126219782
16.722161863242206
250.18464204838224
231.18691396976308
33.17197130780099
70.60104206081257
305.82196808457485
47.24483330700214
263.70318788359333
883.3181332845779
93.96461411352583
45.13904183324069
39.260869942262886
292.88229896199715
94.17095553648994
732.7827037596495
124.2432724503069
163.05887783869764
65.80123747729577
82.20582818107228
109.96911283047643
35.93829618558321
24.019564241884115
286.44188266450954
25.694692204275743
62.53997632026422
135.65919341826765
54.74906197198215
82.24814191194378
27.00415823967533
54.12644579705048
140.40401307612103
218.3449720750812
141.40660771027132
122.51568595768502
2.332639180134282
94.08910953039914
200.68556129570825
84.73039929320318
46.84421489863424
50.04611167681675
127.74890062396406
105.36972289631692
105.89560394335267
247.27801816536115
144.7310541386444
41.14157102075359
348.8501072036345
48.356276766786934
10.552484115006147
94.23429961405105
82.01980036365343
9.28463412848394
9.632908296669635
32.133130541861554
171.11564386148927
316.7012933373638
206.95841580032325
227.95290975525447
151.81090662734857
26.161896157802044
177.02959337938327
3.3120119298544686
69.77938203819353
8.232532731890885
577.9297973526714
270.20460312357653
476.4891457934847
442.6425852327565
410.8464190121581
11.424361640026346
17.55539554713232
211.6346728678559
27.82374085852908
340.2857193452799
333.128748977538
210.60850867322108
293.06329266615376
549.1227545939622
92.00406379811457
180.83955008336352
89.54750213019872
294.60822038208664
12.400482975932146
19.72647495640768
90.73848989353627
44.13232359796068
122.12805638024004
165.4651038343532
127.815133746751
278.23873323549594
4.680096140054726
46.42184362201757
516.1323196948842
26.69110562559641
349.05010624007974
9.356766148715229
193.41957145043716
72.52388248171509
83.39564783826614
261.4731018038189
270.7616580668916
131.13414180508076
29.12717695138914
99.80004573296277
210.08462187734352
286.4876665476912
38.34837357380093
219.8081931076012
542.4377712617874
21.458924690363926
120.87967123161818
50.903155304607246
9.146769005484174
20.891109138224635
122.81558071949219
428.10005109548433
190.77481902515436
132.7291440000423
144.26882742459853
7.637187242884724
220.54523907057043
215.33975363259404
180.20097598869887
77.0306069844308
392.36720036046677
192.98476312251776
58.55130682142568
184.55568031374625
125.66468017156147
472.55296378141355
29.037081743535143
12.811256015523698
288.5436789702584
155.738369360766
90.58686142797276
378.0962947366612
276.30882892911865
73.6402479403568
10.816261991634727
91.10406655285388
303.23689976402017
124.08152714090686
396.7605156758707
117.49791064957206
78.99982896862953
162.92728598317268
132.1617665464693
118.94863643526641
22.27389840883779
81.55056333711087
665.1347580361949
14.585787284622572
711.7724171754181
73.87006898717098
413.5982705835349
74.28450977295269
281.73882172933423
152.60418431427135
163.6641130575214
702.3636081881292
463.4328196496712
90.1241259596448
298.7077873896974
317.73351260466006
211.0684057146369
19.493030243235275
65.8683224807966
45.3703108840772
31.068020354097353
55.11211882413925
297.8818791035999
100.6356201063339
344.6406424460734
265.40682555230165
123.37515593062658
54.537783686307336
147.86555947912134
141.70953050490385
7.089924273230086
186.58095343607908
382.25216972526835
38.84880877261792
46.23383872815567
215.9003608207634
30.305538579117812
101.4710233967953
37.71354124608895
